1000 0.0004881573458
2000 0.000250074578782
3000 0.000168919511472
4000 0.000122250951378
5000 9.76525292485e-05
6000 8.76816880566e-05
7000 7.35080847551e-05
8000 6.31238584471e-05
9000 5.71892499176e-05
10000 5.06604680621e-05
11000 5.07459530538e-05
12000 4.69574867364e-05
13000 4.72271309279e-05
14000 4.3980996271e-05
15000 4.11980620546e-05
16000 3.87735300915e-05
17000 3.75534502657e-05
18000 3.48637491138e-05
19000 3.2867101656e-05
20000 3.07015353304e-05
21000 2.94362588803e-05
22000 2.78383984974e-05
23000 2.636430329e-05
24000 2.53825360124e-05
